ar
20	0.07442890713516166
40	0.9255710928648383
nh3
1	0.021678795774160924
2	0.009501575180648883
14	0.011926879035090916
15	0.034586390084060656
16	0.38236307240637285
17	0.48369699426407464
18	0.0383412149001298
28	0.0179050783554613
nd3
1	0.0101
2	0.0226
4	0.0114
14	0.0068
16	0.0158
17	0.0053
18	0.389
19	0.0148
20	0.4944
21	0.0024
22	0.0126
28	0.0147
h2
1	0.08332389607366096
2	0.9030757577970271
3	0.013600346129311996
d2
1	0.0377
2	0.007
3	0.0039
4	0.9403
6	0.0111
n2
14	0.0963138644478264
28	0.8862988987931049
29	0.017387236759068808
